00000000
00000000
00000000
00000000
10001101
11100000
00000000
00000000
10001101
11100001
00000000
00000010
10001101
11100010
00000000
00000001
10001101
11100011
00000000
00000011
00000000
00000000
00000000
00000000
00000000
00000001
00100000
00101010
00010000
10000001
00000000
00001101
10001101
11100101
00000000
00000011
10001101
11100110
00000000
00000000
00000000
00000000
00000000
00000000
00010000
11000011
00000000
00000011
00000000
10100010
00101000
00100000
00000000
11000001
00110000
00100010
00001000
00000000
00000000
00001011
00000000
10100011
00010000
00100000
10001101
11100000
00000000
00000000
00000000
00000001
00000000
00100010
10101101
11100000
00000000
00000000
10001101
11100000
00000000
00000000
00001000
00000000
00000000
00000110
10101101
11100010
00000000
00000001
00000000
00000000
00000000
00000000
