00000000000000000000000001101111
00000000000000000000000011011110
00000000000000000000000110111100
00000000000000000000000101001101
00000000000000000000000000101011
00000000000000000000000001010111
00000000000000000000000001100110
00000000000000000000000000000000
00000000000000000000000000000000
00000000000000000000000000000000
00000000000000000000000000000000
00000000000000000000000000000000
00000000000000000000000000000000
00000000000000000000000000000000
00000000000000000000000000000000
00000000000000000000000000010100
